// cofactor [[1,0],[-1,2]]
2
2
2,1
0,1

// cofactor [[-1,2,5],[1,0,-2],[1,1,3]]
3
3
2,-5,1
-1,-8,3
-4,3,-2

// cofactor [[1,2,3],[2,3,4],[3,4,5]]
3
3
-1,2,-1
2,-4,2
-1,2,-1

// cofactor [[5,8,9,0],[-2,4,-1,7],[8,1,0,2],[5,3,6,6]]
4
4
-6,-398,-19,223
96,-402,304,-183
-411,-183,391,43
25,530,-485,-365

// cofactor [[-8,5,-4,0],[2,-9,7,-9],[2,0,-9,5],[0,-6,-1,3]]
4
4
474,68,222,210
-10,200,270,490
-264,72,618,350
410,480,-220,-560

// cofactor [[-1,-5,3,0],[8,4,-7,2],[9,7,1,0],[-4,-7,8,-4]]
4
4
-86,132,-150,-445
-104,112,152,212
-54,-60,-118,-77
-52,56,76,362

// cofactor [[1,1,8,-6],[6,0,-1,8],[-3,0,8,8],[8,6,-6,9]]
4
4
-432,-261,-432,270
-792,1124,-151,-146
387,-287,-254,-322
72,-918,72,-45

// cofactor [[8,1,8,-6],[3,0,-1,8],[2,0,8,8],[-3,6,-6,9]]
4
4
-432,-498,-48,156
-792,552,498,-300
387,-30,-543,-213
72,-796,8,-26

// cofactor [[8,1,8,-6],[3,6,-1,8],[2,-3,8,8],[-3,8,-6,9]]
4
4
261,-498,-469,217
-1124,552,812,-324
287,-30,-383,-133
918,-796,-694,166

// cofactor [[8,1,1,-6],[3,6,0,8],[2,-3,0,8],[-3,8,6,9]]
4
4
-432,48,-469,126
-151,-498,812,-149
-254,543,-383,-312
72,-8,-694,-21

// cofactor [[8,1,1,8],[3,6,0,-1],[2,-3,0,8],[-3,8,6,-6]]
4
4
-270,156,-217,126
146,-300,324,-149
322,-213,133,-312
45,-26,-166,-21

// cofactor [[-9,-8,-6,3,-7],[8,1,1,8,-6],[3,6,0,-1,8],[2,-3,0,8,8],[-3,8,6,-6,9]]
5
5
-5769,5274,-3464,4633,-1213
-1836,5640,1291,5436,-2862
-161,7410,-10404,1514,1305
-118,-3441,2561,2424,2928
-5463,4334,5138,3727,-736

// cofactor [[-1,2,0,0,5],[9,-1,8,-3,-4],[7,-4,8,3,1],[-3,-2,2,-5,-7],[2,1,4,0,-2]]
5
5
498,-164,-754,994,-1092
-806,-88,362,840,-126
294,812,-483,-322,-266
660,540,-507,560,-84
694,-1718,-1076,-1316,826

// cofactor [[5,-4,1,8,-3],[6,2,6,-7,2],[-2,0,2,-4,0],[8,-2,3,9,7],[1,6,3,-4,7]]
5
5
548,-1542,-1940,-1244,1364
-956,340,492,724,48
1832,888,-2586,-440,-166
-132,1172,364,248,-1000
640,-1930,-1336,-988,560

// cofactor [[4,2,-3,0,8,9],[-2,-2,8,0,7,6],[2,-9,0,0,-2,2],[4,-9,-5,-1,-9,7],[7,-4,8,-8,8,-5],[2,8,-9,7,5,-3]]
6
6
-66100,-23328,-69328,-73636,46848,7972
80500,31112,88692,91964,-38452,21052
-103395,-82652,-87447,-49884,69872,-26937
115115,45864,80119,75868,-66664,24609
51940,13384,30824,16688,-12744,-4456
75805,21848,46673,78976,-24088,-1577

// cofactor [[-2,-4,-6,7,1,7],[-8,3,3,1,6,6],[-4,0,8,-2,0,-3],[-4,0,0,0,-1,9],[1,-9,-3,-4,-3,-7],[0,0,-1,-9,7,9]]
6
6
33771,-46558,32703,36117,27834,18102
-58805,29101,-41914,-12522,10076,-25016
37742,-50548,72940,23428,16603,18619
-28130,14061,-12590,-21499,-52925,18266
-34611,-6256,-28506,-20226,-9012,-16384
26728,-18965,17239,-6166,23084,14444

// cofactor [[-3,8,0,1,5,-6,2,2],[-4,5,-7,4,1,6,-1,8],[6,-7,2,0,2,4,0,2],[5,8,2,9,5,8,9,-5],[6,5,4,1,-1,1,2,0],[9,0,4,5,2,4,1,4],[3,0,8,5,9,3,9,8],[4,5,2,0,0,4,6,3]]
8
8
687577,255112,-866605,-429030,954190,-626752,37685,-3920
-548108,642642,664881,-615586,707422,1226222,-1243650,68824
228942,680017,440217,-2323001,2480277,1708543,-1719935,-570283
-4159,87620,-125552,117616,357363,283759,22525,-480182
-1408439,2185430,3761174,-2610703,2136930,3373608,-3999530,-770998
1435230,-1272648,-2162867,2636719,-2072293,-2687900,2191108,851002
-845085,112710,1278042,-118387,244878,646785,-444364,113250
1183597,-794794,-2222300,472350,-1470449,-1659081,2738935,678341

// cofactor [[9,6,9,3,5,2,3,9,4],[-5,6,5,1,6,6,4,-4,3],[8,9,5,8,5,2,9,4,8],[-3,2,1,1,0,4,0,5,6],[3,0,5,1,1,1,3,7,3],[6,5,5,0,0,8,2,4,4],[5,1,5,7,1,1,3,2,8],[2,-9,-5,7,0,0,0,0,9],[5,8,2,-7,1,8,6,4,-2]]
9
9
3466314,1294494,83684,-8141477,7319291,-4860749,-5764507,-1221395,6902953
-1445712,-1619608,1457784,526512,3176400,2036848,726960,-1168360,-897968
-2403122,1116026,-3700948,13101593,-1888791,5699081,3292239,4387711,-10596157
-1588894,3833478,-1492884,-5939485,-371749,-4067869,-2727979,980541,7976785
-5090196,-6228380,2324032,12723734,-3912098,7859310,7832818,6583034,-13702334
-1992402,-2119606,-909324,19793385,-4656519,15016945,-526465,4954295,-17576885
4807884,2628500,6673536,-23582130,-2739514,-15721218,-934214,-10539086,23609258
1254288,-2620312,-2464688,-119964,3853420,1907708,-89980,269044,435348
3640624,1264928,342048,-17101256,1933920,-8550840,1100976,-4865368,13946904